25 5 2
2 14 11 21 17

25 5 3
2 14 11 21 17

25 5 4
2 14 11 21 17

100 9 9
5 9 12 14 15 17 20 24 29

50 49 25
11 47 19 26 39 13 3 15 33 34
27 44 12 24 21 8 35 28 43 49
42 38 18 46 14 17 48 25 9 4
40 10 36 16 20 23 31 2 29 45
5 7 41 30 6 22 32 1 37

100 99 55
32 63 20 27 68 86 52 82 48 39
69 29 54 25 67 22 31 95 55 96
18 65 40 28 26 99 73 81 98 78
51 71 83 97 79 16 15 77 38 56
1 37 76 92 7 13 12 36 60 49
62 53 66 8 45 64 75 57 91 88
50 34 5 35 46 85 94 17 70 42
6 14 74 93 44 87 19 84 9 23
43 33 11 59 47 72 90 10 21 80
4 3 61 30 24 89 2 41 58

60 9 3
8 41 15 50 31 27 10 44 35

60 9 3
33 30 48 13 21 31 45 4 3

60 9 3
17 36 20 9 39 48 2 44 43

60 9 3
9 19 24 12 10 38 49 17 23
