4
-80 20 60 70
> -80 20 60

10
-10 -9 -8 -7 -6 -5 -4 -3 -2 -1

10
1 2 3 4 5 6 7 8 9 10

10
-5 -4 -3 -2 -1 0 1 2 3 4 

4
-100 20 100 200

10
-50 -40 -30 -20 -10 0 1 2 3 4

10
-93 27 86 -86 -2 -20 49 30 51 7

10
51   28   59   36    3  -92   63  -20  -14  -16

10
 48  -19  -74   85   87  -29  -88  -13   98   97

10
-82   15  -80   -2   14   84  -37   42   76   46
> 0

10
 53   90   75    5  -73  -23    6  -41  -83  -25

10
-68   82   66   89   78   56   72   -3   23   49

10
 41  -62  -42    0  -64   -8   55   30  -91   67

10
-100   10   86  -21   24   34   26  -59   70   39

10
-36  -50  -69   71   45   50   16   68  -89   -7

10
 65   79  -32  -96   52  -38   11  -90   40   94

10
-58   21  -70   25   -1  -46   19  -40  -17   13

10
-47   64   58  -48  -57   96   -9   -6    9  -33

10
 69  -77   47   93  -45  -31   29   77   33   43

10
 32  -24   99    8   83  -35  -43   57  -75  -87

10
-12   37   74  -67  -55   -4  100    7  -66   81

10
 92  -27  -79  -22   20  -61  -72  -28   61  -51

10
-56  -93    2  -34   -5  -84   31   62  -11   80

10
 22   88  -94   44  -63  -15  -86  -44  -98  -10

10
-99  -39   54   73   35  -65   60   38    4  -95

10
-49  -85   27    1   95  -26  -54  -71   18  -52

10
-60  -53   17  -76  -18  -78  -81  -97  -30   91
