50 50 100 30
1 21
2 24
0 48
2 28
1 26
0 47
1 40
0 21
0 27
2 30
1 50
22 35
15 37
14 37
1 38
13 45
21 39
14 39
13 39
15 33
17 43
16 41
0 33
4 50
17 48
19 33
19 32
32 2
40 16
14 49
9 28
24 24
1 45
39 28
39 41
34 41
28 31
31 37
31 33
23 45
34 37
14 25
6 34
14 40
4 36
7 39
7 41
3 44
8 42
7 45
8 37
6 50
7 43
3 49
2 39
8 45
2 35
8 39
3 45
2 43
2 49
2 41
8 43
3 48
7 42
10 44
2 45
12 45
6 43
3 41
9 41
4 49
5 33
0 15
16 46
12 36
0 17
10 17
6 17
20 9
4 22
29 44
9 47
0 44
19 46
39 49
39 43
32 44
11 43
13 42
5 46
1 22
18 34
18 44
12 28
9 5
3 34
5 9
0 26
5 13


답: 59