4
100 99
15000000 15000000 15000000 15000000 15000000 15000000 15000000 15000000 15000000 15000000
15000000 15000000 15000000 15000000 15000000 15000000 15000000 15000000 15000000 15000000
15000000 15000000 15000000 15000000 15000000 15000000 15000000 15000000 15000000 15000000
15000000 15000000 15000000 15000000 15000000 15000000 15000000 15000000 15000000 15000000
15000000 15000000 15000000 15000000 15000000 15000000 15000000 15000000 15000000 15000000
15000000 15000000 15000000 15000000 15000000 15000000 15000000 15000000 15000000 15000000
15000000 15000000 15000000 15000000 15000000 15000000 15000000 15000000 15000000 15000000
15000000 15000000 15000000 15000000 15000000 15000000 15000000 15000000 15000000 15000000
15000000 15000000 15000000 15000000 15000000 15000000 15000000 15000000 15000000 15000000
15000000 15000000 15000000 15000000 15000000 15000000 15000000 15000000 15000000
100 1
1 1 1 1 1 1 1 1 1 1
1 1 1 1 1 1 1 1 1 1
1 1 1 1 1 1 1 1 1 1
1 1 1 1 1 1 1 1 1 1
1 1 1 1 1 1 1 1 1 1
1 1 1 1 1 1 1 1 1 1
1 1 1 1 1 1 1 1 1 1
1 1 1 1 1 1 1 1 1 1
1 1 1 1 1 1 1 1 1 1
1 1 1 1 1 1 1 1 1
6 3
7 4 1 2 9
9 5
96 24 6 2 1 3 12 48
