10 3
1 1 2 3 3 3 2 2 1 1

10 5
1 1 2 2 3 3 4 4 5 5

10 10
1 2 3 4 5 6 7 8 9 10

10 3
1 2 3 2 1 1 2 3 2 1

28 4
1 2 3 4 3 2 1 1 2 3 4 3 2 1 1 2 3 4 3 2 1 1 2 3 4 3 2 1

!!!
14 4
1 2 3 4 3 2 1 2 3 4 1 4 3 2

10 2
2 1 1 2 1 1 2 1 1 2

200 20
10 13 01 12 06 02 04 16 01 17 04 11 16 01 08 15 03 05 08 04
11 08 05 16 12 17 04 10 01 18 03 08 08 05 06 14 07 02 18 11
02 01 07 12 05 17 08 03 11 11 01 06 02 18 20 12 01 01 01 12
20 06 02 03 04 08 02 10 11 17 12 13 03 11 18 12 02 16 09 17
05 03 06 18 11 02 01 16 09 14 17 18 11 03 17 15 16 08 12 10
06 03 18 05 02 13 01 02 15 11 02 17 04 04 05 09 05 14 20 10
13 20 18 20 02 06 02 04 02 12 17 05 01 16 08 07 17 11 19 12
11 20 01 05 07 20 03 11 12 11 11 14 13 06 04 06 02 10 09 11
20 03 03 06 03 11 17 18 06 11 15 13 20 17 19 20 10 18 02 14
02 08 06 09 06 17 20 10 17 10 11 16 09 09 11 04 01 03 18 01

200 20
07 13 18 12 03 15 05 19 08 16 20 19 09 07 03 04 17 16 03 11
04 01 16 18 13 12 01 12 05 16 08 14 01 10 02 09 02 10 02 12
11 18 17 20 12 02 10 10 20 10 10 04 08 05 20 11 07 02 06 11
06 17 09 17 01 16 05 15 20 10 12 14 11 16 10 18 08 01 09 06
15 13 14 08 03 19 01 02 15 18 16 20 03 17 17 10 20 12 06 14
03 05 01 02 20 11 17 19 01 15 07 09 16 06 15 08 13 13 06 06
09 03 09 04 18 08 18 07 10 17 01 12 11 06 18 11 11 04 16 09
14 15 13 14 14 09 10 11 01 18 03 19 01 15 04 10 14 20 20 04
05 13 10 16 10 03 12 16 18 16 05 12 09 12 14 17 04 03 17 02
10 04 20 15 06 15 17 02 15 04 12 17 18 20 10 10 01 07 10 13
