3 3
0 0 0
0 1000 0
0 0 0

3 5
0 0 0 0 0
0 5 0 5 0
0 0 0 0 0

5 5
0 0 0 0 0
0 5 0 0 0
0 4 1 4 0
0 0 4 5 0
0 0 0 0 0

3 7
0 0 0 0 0 0 0
0 15 12 9 6 3 0
0 0 0 0 0 0 0

5 5
0 0 0 0 0
0 0 0 0 0
0 0 0 0 0
0 0 0 0 0
0 0 0 0 0

10 10
00 00 00 00 00 00 00 00 00 00
00 12 08 09 04 11 05 18 19 00
00 12 15 02 13 04 15 08 18 00
00 13 08 00 14 10 05 07 20 00
00 18 13 00 01 13 10 03 11 00
00 17 05 03 06 12 01 10 19 00
00 01 04 20 03 12 19 19 19 00
00 09 03 02 04 09 20 07 09 00
00 20 17 18 04 06 10 10 17 00
00 00 00 00 00 00 00 00 00 00
